"RBP","matrixName","motif","utr","pval","risk.r","label","pnt_col"
"PTBP1","1019","UCUUC","3'UTR",0.0792468346201902,5.4114578540114,NA,"0"
"PTBP1","1021","UCUCU","3'UTR",0.543970762753696,1.35358099146322,NA,"0"
"PTBP1","1023","UCUUCUCU","3'UTR",0.192893397508867,6.76350891111566,NA,"0"
"HNRNPL","1046","ACAA","3'UTR",0.510260182587645,1.50393473593211,NA,"0"
"PTBP1","11","CUUC","3'UTR",0.0452311070436213,4.5100762079949,"CTTC","1"
"ELAVL1","1104","UUUUU","3'UTR",0.261773759651094,0.26546132323471,NA,"0"
"KHSRP","1111","UAUUUA","3'UTR",0.192893397508867,6.76350891111566,NA,"0"
"KHSRP","1115","UUUAG","3'UTR",0.192893397508867,6.76350891111566,NA,"0"
"KHSRP","1117","UAGGG","3'UTR",0.133141254194885,13.5208908435072,NA,"0"
"NOVA1","1131","UUCAG","3'UTR",0.348503391043874,2.70653120790709,NA,"0"
"NOVA1","1132","UGUGU","3'UTR",0.543970762753696,1.35358099146322,NA,"0"
"NOVA2","1133","AUCAC","3'UTR",0.192893397508867,6.76350891111566,NA,"0"
"RBM5","1148","CUCUUCUCU","3'UTR",0.133141254194885,13.5208908435072,NA,"0"
"RBM5","1153","GGGGGG","3'UTR",0.0260220707146683,13.5209121366105,"GGGGGG","1"
"KHDRBS1","1157","UUUUA","3'UTR",0.0452311070436213,4.5100762079949,"TTTTA","1"
"PTBP1","117","UCUCU","3'UTR",0.543970762753696,1.35358099146322,NA,"0"
"IGF2BP3","118","CAUU","3'UTR",0.543970762753696,1.35358099146322,NA,"0"
"SF1","1184","UGCUGAC","3'UTR",0.133141254194885,13.5208908435072,NA,"0"
"KHSRP","12","UUAG","3'UTR",0.248517173106933,4.51006847158421,NA,"0"
"SF1","1202","UGCUGAC","3'UTR",0.133141254194885,13.5208908435072,NA,"0"
"SRSF3","1252","UUCAC","3'UTR",0.0792468346201902,5.4114578540114,NA,"0"
"SRSF3","1253","CAUC","3'UTR",0.435157174985095,1.93356674668476,NA,"0"
"SRSF9","1258","AGGAC","3'UTR",0.133141254194885,13.5208908435072,NA,"0"
"TARDBP","1279","UGUGUG","3'UTR",0.435157174985095,1.93356674668476,NA,"0"
"YBX1","1292","AGAAC","3'UTR",0.133141254194885,13.5208908435072,NA,"0"
"YBX1","1298","CAUC","3'UTR",0.435157174985095,1.93356674668476,NA,"0"
"KHSRP","13","UGGG","3'UTR",0.300298485000035,3.38295964633536,NA,"0"
"HNRNPH1","131","DGGGD","3'UTR",0.00047314803399948,5.41149247116804,"DGGGD","1"
"PTBP1","136","UCUUC","3'UTR",0.0792468346201902,5.4114578540114,NA,"0"
"RBMX","1361","AAGU","3'UTR",0.124007449781267,3.86567603081442,NA,"0"
"SRSF2","1363","UUAG","3'UTR",0.248517173106933,4.51006847158421,NA,"0"
"HNRNPA1","1366","UUAG","3'UTR",0.248517173106933,4.51006847158421,NA,"0"
"ZFP36","138","CUUGU","3'UTR",0.148167263066935,3.38296245601039,NA,"0"
"HNRNPH1","1387","GGGG","3'UTR",0.000990674588008525,6.76355214987154,"GGGG","1"
"HNRNPH1","1391","GGGA","3'UTR",0.348503391043874,2.70653120790709,NA,"0"
"NOVA1 ","1394","UCAC","3'UTR",0.198739035703836,2.70653387413028,NA,"0"
"PTBP1","1398","UUCUUC","3'UTR",0.300298485000035,3.38295964633536,NA,"0"
"HNRNPH2","142","DGGGD","3'UTR",0.00047314803399948,5.41149247116804,"DGGGD","1"
"PTBP1","143","YCUNN","3'UTR",0.014648089340056,2.77582477203355,"YCTNN","1"
"ZFP36","155","HCYUBY","3'UTR",0.0262064672609625,3.38297079736564,"HCYTBY","1"
"PTBP1","165","CUNN","3'UTR",0.119316856662351,1.85762737158874,NA,"0"
"HNRNPF","171","DGGGD","3'UTR",0.00047314803399948,5.41149247116804,"DGGGD","1"
"KHSRP","172","AGGG","3'UTR",0.00934175518246453,10.1431099646288,"AGGG","1"
"HNRNPH3","182","DGGGD","3'UTR",0.00047314803399948,5.41149247116804,"DGGGD","1"
"PTBP1","31","UCUU","3'UTR",0.644647968018908,1.50393537568283,NA,"0"
"CPEB1","333","UUUUA","3'UTR",0.0452311070436213,4.5100762079949,"TTTTA","1"
"PCBP2","334","CCCU","3'UTR",0.393379483781154,2.25560741667564,NA,"0"
"SRP14","342","CCUGU","3'UTR",0.393379483781154,2.25560741667564,NA,"0"
"SRP14","344","GUGG","3'UTR",0.543970762753696,1.35358099146322,NA,"0"
"CPEB4","345","CUUUA","3'UTR",0.435157174985095,1.93356674668476,NA,"0"
"CELF2","365","UGUU","3'UTR",1,0.966912989266341,NA,"0"
"F2","366","GAAG","3'UTR",0.192893397508867,6.76350891111566,NA,"0"
"ELAVL1","367","UUUU","3'UTR",0.813275356148876,1.04129036504387,NA,"0"
"TRA2B","368","AGAA","3'UTR",0.148167263066935,3.38296245601039,NA,"0"
"DDX58","381","GGCG","3'UTR",0.192893397508867,6.76350891111566,NA,"0"
"IFIH1","391","GGCCCU","3'UTR",0.133141254194885,13.5208908435072,NA,"0"
"IFIH1","400","UCCG","3'UTR",0.100935645353565,4.51007234469209,NA,"0"
"SRP19","402","CCUC","3'UTR",0.0938181453917197,3.12284492224212,NA,"0"
"SRP54","408","AGGU","3'UTR",0.393379483781154,2.25560741667564,NA,"0"
"ERI1","412","AGCC","3'UTR",0.435157174985095,1.93356674668476,NA,"0"
"CELF1","425","UGUGUG","3'UTR",0.435157174985095,1.93356674668476,NA,"0"
"SSB","457","UGCUG","3'UTR",0.0413919255345271,9.017176864009,"TGCTG","1"
"DHX9","458","GCGC","3'UTR",0.348503391043874,2.70653120790709,NA,"0"
"GRSF1","46","DGGGD","3'UTR",0.00047314803399948,5.41149247116804,"DGGGD","1"
"U2AF2","461","UUUUU","3'UTR",0.261773759651094,0.26546132323471,NA,"0"
"SRP19","471","UCGG","3'UTR",0.393379483781154,2.25560741667564,NA,"0"
"PHAX","472","AUCG","3'UTR",0.192893397508867,6.76350891111566,NA,"0"
"PTBP1","489","CUCU","3'UTR",0.604575141281539,1.12803356824569,NA,"0"
"SRP68","493","CCUC","3'UTR",0.0938181453917197,3.12284492224212,NA,"0"
"SRP68","501","UCGG","3'UTR",0.393379483781154,2.25560741667564,NA,"0"
"PIWIL1","508","GCUU","3'UTR",0.435157174985095,1.93356674668476,NA,"0"
"PTBP1","51","UCUU","3'UTR",0.644647968018908,1.50393537568283,NA,"0"
"SRP54","510","UCGG","3'UTR",0.393379483781154,2.25560741667564,NA,"0"
"ERI1","517","UUUCAGA","3'UTR",0.133141254194885,13.5208908435072,NA,"0"
"SSB","521","UUUU","3'UTR",0.813275356148876,1.04129036504387,NA,"0"
"CELF1","522","UUGUU","3'UTR",0.575355465212775,1.23055996035098,NA,"0"
"RBMX","526","UCAAA","3'UTR",0.248517173106933,4.51006847158421,NA,"0"
"TRA2B","530","AGAAC","3'UTR",0.133141254194885,13.5208908435072,NA,"0"
"RC3H1","531","UUUC","3'UTR",0.0130327310597893,5.4114694862559,"TTTC","1"
"ADAR","536","GCGC","3'UTR",0.348503391043874,2.70653120790709,NA,"0"
"PTBP1","539","UCUCU","3'UTR",0.543970762753696,1.35358099146322,NA,"0"
"SRP19","540","GAGC","3'UTR",0.133141254194885,13.5208908435072,NA,"0"
"CELF1","542","UGUU","3'UTR",1,0.966912989266341,NA,"0"
"RNASEL","563","AAAA","3'UTR",0.531911267279127,1.42480284808734,NA,"0"
"SRP54","566","CCUC","3'UTR",0.0938181453917197,3.12284492224212,NA,"0"
"SRP68","570","UGCUG","3'UTR",0.0413919255345271,9.017176864009,"TGCTG","1"
"NXF1","572","CCUG","3'UTR",0.224719352387598,2.46050732388241,NA,"0"
"SRP68","573","UAAG","3'UTR",0.435157174985095,1.93356674668476,NA,"0"
"DAZAP1","593","AGAAC","3'UTR",0.133141254194885,13.5208908435072,NA,"0"
"CELF2","602","UGUGU","3'UTR",0.543970762753696,1.35358099146322,NA,"0"
"CELF2","603","UUGUU","3'UTR",0.575355465212775,1.23055996035098,NA,"0"
"NOVA1","64","YCAB","3'UTR",0.227352971581403,1.73526177093413,NA,"0"
"HNRNPA1","642","UAGAGU","3'UTR",0.133141254194885,13.5208908435072,NA,"0"
"HNRNPA1","652","UAGGA","3'UTR",0.133141254194885,13.5208908435072,NA,"0"
"HNRNPA1","661","AGAAC","3'UTR",0.133141254194885,13.5208908435072,NA,"0"
"HNRNPA1","679","UAGAGU","3'UTR",0.133141254194885,13.5208908435072,NA,"0"
"HNRNPA1","680","UAGAGU","3'UTR",0.133141254194885,13.5208908435072,NA,"0"
"HNRNPA1","681","UAGAGU","3'UTR",0.133141254194885,13.5208908435072,NA,"0"
"HNRNPA1","682","UAGAGU","3'UTR",0.133141254194885,13.5208908435072,NA,"0"
"HNRNPA1","689","UAGAGU","3'UTR",0.133141254194885,13.5208908435072,NA,"0"
"HNRNPA1","691","UAGGGA","3'UTR",0.133141254194885,13.5208908435072,NA,"0"
"HNRNPA2B1","698","AGAAC","3'UTR",0.133141254194885,13.5208908435072,NA,"0"
"PTBP1","71","UCUUCUCU","3'UTR",0.192893397508867,6.76350891111566,NA,"0"
"HNRNPA1","72","UAGGGW","3'UTR",0.133141254194885,13.5208908435072,NA,"0"
"HNRNPC","723","UUUUU","3'UTR",0.261773759651094,0.26546132323471,NA,"0"
"HNRNPC","724","UUUUU","3'UTR",0.261773759651094,0.26546132323471,NA,"0"
"HNRNPD","735","UUAGAG","3'UTR",0.133141254194885,13.5208908435072,NA,"0"
"HNRNPD","736","UUAGGA","3'UTR",0.133141254194885,13.5208908435072,NA,"0"
"HNRNPD","737","UUAGGG","3'UTR",0.133141254194885,13.5208908435072,NA,"0"
"HNRNPD","744","UUAGGG","3'UTR",0.133141254194885,13.5208908435072,NA,"0"
"PPIE","75","WWWWWW","3'UTR",0.650234082207912,0.805765148492302,NA,"0"
"PCBP1","766","UUAGAG","3'UTR",0.133141254194885,13.5208908435072,NA,"0"
"PCBP1","767","UUAGGA","3'UTR",0.133141254194885,13.5208908435072,NA,"0"
"PCBP1","768","UUAGGG","3'UTR",0.133141254194885,13.5208908435072,NA,"0"
"PCBP2","792","UUAGAG","3'UTR",0.133141254194885,13.5208908435072,NA,"0"
"PCBP2","793","UUAGGA","3'UTR",0.133141254194885,13.5208908435072,NA,"0"
"PCBP2","794","UUAGGG","3'UTR",0.133141254194885,13.5208908435072,NA,"0"
"HNRNPF","801","CGGGA","3'UTR",0.192893397508867,6.76350891111566,NA,"0"
"HNRNPF","802","UGGGA","3'UTR",0.348503391043874,2.70653120790709,NA,"0"
"HNRNPF","806","AGGGA","3'UTR",0.192893397508867,6.76350891111566,NA,"0"
"HNRNPF","807","CGGGA","3'UTR",0.192893397508867,6.76350891111566,NA,"0"
"HNRNPF","808","AGGGG","3'UTR",0.0260220707146683,13.5209121366105,"AGGGG","1"
"HNRNPF","818","GGGGA","3'UTR",0.0592739547808401,6.76351762103058,NA,"0"
"HNRNPF","820","GGGGG","3'UTR",0.00217254754699042,10.8186739459517,"GGGGG","1"
"HNRNPF","823","AGGGA","3'UTR",0.192893397508867,6.76350891111566,NA,"0"
"HNRNPF","824","UGGGA","3'UTR",0.348503391043874,2.70653120790709,NA,"0"
"HNRNPF","825","GGGGA","3'UTR",0.0592739547808401,6.76351762103058,NA,"0"
"HNRNPF","830","CGGGA","3'UTR",0.192893397508867,6.76350891111566,NA,"0"
"HNRNPF","833","AGGGA","3'UTR",0.192893397508867,6.76350891111566,NA,"0"
"HNRNPF","834","AGGGG","3'UTR",0.0260220707146683,13.5209121366105,"AGGGG","1"
"HNRNPF","835","GGGGG","3'UTR",0.00217254754699042,10.8186739459517,"GGGGG","1"
"RBMX","845","UCAAAA","3'UTR",0.192893397508867,6.76350891111566,NA,"0"
"RBMX","847","AAAAU","3'UTR",0.300298485000035,3.38295964633536,NA,"0"
"HNRNPH1","850","CGGGA","3'UTR",0.192893397508867,6.76350891111566,NA,"0"
"HNRNPH1","851","UGGGA","3'UTR",0.348503391043874,2.70653120790709,NA,"0"
"HNRNPH1","856","GGGGA","3'UTR",0.0592739547808401,6.76351762103058,NA,"0"
"HNRNPH1","857","AGGGA","3'UTR",0.192893397508867,6.76350891111566,NA,"0"
"HNRNPH1","858","AGGGA","3'UTR",0.192893397508867,6.76350891111566,NA,"0"
"HNRNPH1","859","CGGGA","3'UTR",0.192893397508867,6.76350891111566,NA,"0"
"HNRNPH1","860","AGGGG","3'UTR",0.0260220707146683,13.5209121366105,"AGGGG","1"
"HNRNPH1","866","GGGGG","3'UTR",0.00217254754699042,10.8186739459517,"GGGGG","1"
"HNRNPH1","868","UGGGA","3'UTR",0.348503391043874,2.70653120790709,NA,"0"
"HNRNPH1","873","UGGGA","3'UTR",0.348503391043874,2.70653120790709,NA,"0"
"HNRNPH1","877","GGGGA","3'UTR",0.0592739547808401,6.76351762103058,NA,"0"
"HNRNPH1","885","AGGGA","3'UTR",0.192893397508867,6.76350891111566,NA,"0"
"HNRNPH1","887","AAGAA","3'UTR",0.393379483781154,2.25560741667564,NA,"0"
"HNRNPH1","888","CAGGAC","3'UTR",0.133141254194885,13.5208908435072,NA,"0"
"HNRNPH1","894","CGGGA","3'UTR",0.192893397508867,6.76350891111566,NA,"0"
"HNRNPH1","897","AGGGA","3'UTR",0.192893397508867,6.76350891111566,NA,"0"
"HNRNPH1","898","AGGGG","3'UTR",0.0260220707146683,13.5209121366105,"AGGGG","1"
"HNRNPH1","899","GGGGG","3'UTR",0.00217254754699042,10.8186739459517,"GGGGG","1"
"HNRNPH2","903","CGGGA","3'UTR",0.192893397508867,6.76350891111566,NA,"0"
"HNRNPH2","904","UGGGA","3'UTR",0.348503391043874,2.70653120790709,NA,"0"
"HNRNPH2","907","GGGGGA","3'UTR",0.0260220707146683,13.5209121366105,"GGGGGA","1"
"HNRNPH2","910","GGGGA","3'UTR",0.0592739547808401,6.76351762103058,NA,"0"
"HNRNPH2","911","AGGGA","3'UTR",0.192893397508867,6.76350891111566,NA,"0"
"HNRNPH2","912","AGGGA","3'UTR",0.192893397508867,6.76350891111566,NA,"0"
"HNRNPH2","913","CGGGA","3'UTR",0.192893397508867,6.76350891111566,NA,"0"
"HNRNPH2","914","AGGGG","3'UTR",0.0260220707146683,13.5209121366105,"AGGGG","1"
"HNRNPH2","920","GGGGG","3'UTR",0.00217254754699042,10.8186739459517,"GGGGG","1"
"HNRNPH2","922","UGGGA","3'UTR",0.348503391043874,2.70653120790709,NA,"0"
"HNRNPH2","929","GGGGA","3'UTR",0.0592739547808401,6.76351762103058,NA,"0"
"HNRNPH2","933","GGGGG","3'UTR",0.00217254754699042,10.8186739459517,"GGGGG","1"
"HNRNPH2","937","AGGGA","3'UTR",0.192893397508867,6.76350891111566,NA,"0"
"HNRNPH2","939","AAGAA","3'UTR",0.393379483781154,2.25560741667564,NA,"0"
"HNRNPH2","940","CAGGAC","3'UTR",0.133141254194885,13.5208908435072,NA,"0"
"HNRNPH2","946","CGGGA","3'UTR",0.192893397508867,6.76350891111566,NA,"0"
"HNRNPH2","949","AGGGA","3'UTR",0.192893397508867,6.76350891111566,NA,"0"
"HNRNPH2","950","AGGGG","3'UTR",0.0260220707146683,13.5209121366105,"AGGGG","1"
"HNRNPH2","951","GGGGG","3'UTR",0.00217254754699042,10.8186739459517,"GGGGG","1"
"HNRNPH3","955","CGGGA","3'UTR",0.192893397508867,6.76350891111566,NA,"0"
"HNRNPH3","956","UGGGA","3'UTR",0.348503391043874,2.70653120790709,NA,"0"
"HNRNPH3","961","GGGGA","3'UTR",0.0592739547808401,6.76351762103058,NA,"0"
"HNRNPH3","962","AGGGA","3'UTR",0.192893397508867,6.76350891111566,NA,"0"
"HNRNPH3","963","AGGGA","3'UTR",0.192893397508867,6.76350891111566,NA,"0"
"HNRNPH3","964","CGGGA","3'UTR",0.192893397508867,6.76350891111566,NA,"0"
"HNRNPH3","966","GGGGG","3'UTR",0.00217254754699042,10.8186739459517,"GGGGG","1"
"HNRNPH3","968","UGGGA","3'UTR",0.348503391043874,2.70653120790709,NA,"0"
"HNRNPH3","973","GGGGA","3'UTR",0.0592739547808401,6.76351762103058,NA,"0"
"HNRNPH3","978","AGGGA","3'UTR",0.192893397508867,6.76350891111566,NA,"0"
"HNRNPH3","980","CGGGA","3'UTR",0.192893397508867,6.76350891111566,NA,"0"
"HNRNPH3","983","AGGGA","3'UTR",0.192893397508867,6.76350891111566,NA,"0"
"HNRNPH3","984","AGGGG","3'UTR",0.0260220707146683,13.5209121366105,"AGGGG","1"
"HNRNPH3","985","GGGGG","3'UTR",0.00217254754699042,10.8186739459517,"GGGGG","1"
"NOVA1","99","UCAY","3'UTR",0.303377485059244,1.93356682003092,NA,"0"
"PTBP1","998","UUCUUC","3'UTR",0.300298485000035,3.38295964633536,NA,"0"
"HNRNPA1","M022_0.6","DUAGGGW","3'UTR",0.133141254194885,13.5208908435072,NA,"0"
"HNRNPA1L2","M023_0.6","DUAGGGW","3'UTR",0.133141254194885,13.5208908435072,NA,"0"
"HNRNPA2B1","M024_0.6","DUAGGGW","3'UTR",0.133141254194885,13.5208908435072,NA,"0"
"KHDRBS1","M160_0.6","AUAAAAV","3'UTR",0.248517173106933,4.51006847158421,NA,"0"
"PTBP1","M227_0.6","HYUUUYU","3'UTR",0.300298485000035,3.38295964633536,NA,"0"
"HNRNPA1","M271_0.6","UAGGGW","3'UTR",0.133141254194885,13.5208908435072,NA,"0"
"PABPC1","M275_0.6","AAAAA","3'UTR",1,0.846060478765783,NA,"0"
"NONO","M307_0.6","AGGGA","3'UTR",0.192893397508867,6.76350891111566,NA,"0"
"FUS","M316_0.6","GGUG","3'UTR",0.300298485000035,3.38295964633536,NA,"0"
"MBNL1","M320_0.6a","YGCY","3'UTR",0.0675239929113345,3.69035188985501,NA,"0"
"SRSF9","M333_0.6","AGGAY","3'UTR",0.300298485000035,3.38295964633536,NA,"0"
"ELAVL2","s1","VUUUV","3'UTR",0.355114057657394,1.69188733008924,NA,"0"
"TIA1","s10","VUUUUV","3'UTR",0.0675239929113345,3.69035188985501,NA,"0"
"PTBP1","s100","YYWHYYU","3'UTR",0.256600535735845,0.288052523558996,NA,"0"
"KHDRBS3","s103","WDWWWAM","3'UTR",0.724814637188403,0.423066271959941,NA,"0"
"TIA1","s11","SUUUUUV","3'UTR",0.248517173106933,4.51006847158421,NA,"0"
"PTBP1","s12","NUCUUN","3'UTR",0.348503391043874,2.70653120790709,NA,"0"
"HNRNPC","s13","UUUUUN","3'UTR",0.261773759651094,0.26546132323471,NA,"0"
"ELAVL2","s2","VUUUUH","3'UTR",0.0130327310597893,5.4114694862559,"VTTTTH","1"
"MBNL1","s30","NYGCYN","3'UTR",0.0452311070436213,4.5100762079949,"NYGCYN","1"
"HNRNPA1","s32","YAGRNW","3'UTR",0.133141254194885,13.5208908435072,NA,"0"
"HNRNPDL","s35","WSUSSM","3'UTR",1,0.796295904569642,NA,"0"
"CELF2","s4","NDKBB","3'UTR",0.183839790193011,0.23751930826235,NA,"0"
"SRSF6","s42","NNCGKV","3'UTR",0.0592739547808401,6.76351762103058,NA,"0"
"YBX1","s54","CAYC","3'UTR",0.543970762753696,1.35358099146322,NA,"0"
"TIAL1","s6","VUUUV","3'UTR",0.329387732670695,1.80465380559541,NA,"0"
"TIAL1","s63","AUUM","3'UTR",0.604575141281539,1.12803356824569,NA,"0"
"TIA1","s68","MUUC","3'UTR",0.108300627973361,2.89987780845137,NA,"0"
"TIAL1","s7","VUUUUV","3'UTR",0.08020265284709,3.38296525098292,NA,"0"
"TRA2A/TRA2B","s78","AAGAA","3'UTR",0.393379483781154,2.25560741667564,NA,"0"
"TIAL1","s8","VUUUUUV","3'UTR",0.248517173106933,4.51006847158421,NA,"0"
"CELF1","s84","UGUGU","3'UTR",0.543970762753696,1.35358099146322,NA,"0"
"CELF1","s85","UGUGUG","3'UTR",0.435157174985095,1.93356674668476,NA,"0"
"TIA1","s9","VUUUV","3'UTR",0.661108122214967,1.35358136121303,NA,"0"
"SRSF9","s97","HVVHN","3'UTR",0.133141254194885,13.5208908435072,NA,"0"
"TRA2B","1084","GAAGAA","5'UTR",0.0271791936484588,11.5055407516803,"GAAGAA","1"
"TRA2B","1085","UCAAC","5'UTR",0.202368152216238,5.75876978004448,NA,"0"
"TRA2B","1086","AAGAAC","5'UTR",0.106935434563986,17.2447157041297,NA,"0"
"PTBP1","11","CUUC","5'UTR",0.570942740625356,1.23560860455332,NA,"0"
"KHSRP","1109","AUUUUA","5'UTR",0.156008487468221,8.63408986789377,NA,"0"
"KHSRP","1114","UUGGG","5'UTR",0.202368152216238,5.75876978004448,NA,"0"
"NOVA1","1130","UUCAU","5'UTR",0.246165391858183,4.32064385761404,NA,"0"
"NOVA1","1131","UUCAG","5'UTR",0.0271791936484588,11.5055407516803,"TTCAG","1"
"NOVA2","1133","AUCAC","5'UTR",0.156008487468221,8.63408986789377,NA,"0"
"KHDRBS1","1157","UUUUA","5'UTR",0.0271791936484588,11.5055407516803,"TTTTA","1"
"SRSF2","1160","AGAAG","5'UTR",0.0169294932241699,17.2448963612741,"AGAAG","1"
"SRSF2","1161","AGCAG","5'UTR",0.202368152216238,5.75876978004448,NA,"0"
"IGF2BP3","118","CAUU","5'UTR",0.287542718586432,3.45726266176674,NA,"0"
"KHSRP","12","UUAG","5'UTR",0.246165391858183,4.32064385761404,NA,"0"
"SRSF1","1218","GCAUAC","5'UTR",0.156008487468221,8.63408986789377,NA,"0"
"SRSF3","1247","CUUCAAC","5'UTR",0.202368152216238,5.75876978004448,NA,"0"
"SRSF3","1253","CAUC","5'UTR",0.0680995610595801,5.75881106763704,NA,"0"
"YBX1","1292","AGAAC","5'UTR",0.202368152216238,5.75876978004448,NA,"0"
"YBX1","1298","CAUC","5'UTR",0.0680995610595801,5.75881106763704,NA,"0"
"KHSRP","13","UGGG","5'UTR",0.326634669710505,2.88154123107647,NA,"0"
"SRSF2","1311","GACCCGCA","5'UTR",0.106935434563986,17.2447157041297,NA,"0"
"SRSF2","1334","GRYYMCYR","5'UTR",0.202368152216238,5.75876978004448,NA,"0"
"SRSF5","1343","YRCRKM","5'UTR",0.0680995610595801,5.75881106763704,NA,"0"
"SRSF2","1363","UUAG","5'UTR",0.246165391858183,4.32064385761404,NA,"0"
"HNRNPA1","1366","UUAG","5'UTR",0.246165391858183,4.32064385761404,NA,"0"
"SRSF6","1384","YYWCWSG","5'UTR",0.202368152216238,5.75876978004448,NA,"0"
"NOVA1 ","1394","UCAC","5'UTR",0.246165391858183,4.32064385761404,NA,"0"
"PTBP1","143","YCUNN","5'UTR",0.480979294780793,1.40249226579824,NA,"0"
"ZFP36","155","HCYUBY","5'UTR",0.156794991848134,2.35814171309638,NA,"0"
"PTBP1","165","CUNN","5'UTR",0.490344639939015,1.3656040771936,NA,"0"
"SRSF1","325","UGRWGVH","5'UTR",0.0844072014849108,4.93647123129119,NA,"0"
"CPEB1","333","UUUUA","5'UTR",0.0271791936484588,11.5055407516803,"TTTTA","1"
"PCBP2","334","CCCU","5'UTR",0.0844072014849108,4.93647123129119,NA,"0"
"SRP14","344","GUGG","5'UTR",0.363568256660637,2.47019983162247,NA,"0"
"SRP68","363","GGAGC","5'UTR",0.246165391858183,4.32064385761404,NA,"0"
"F2","366","GAAG","5'UTR",0.246165391858183,4.32064385761404,NA,"0"
"ELAVL1","367","UUUU","5'UTR",0.650984094139836,1.44142686841227,NA,"0"
"TRA2B","368","AGAA","5'UTR",0.0680995610595801,5.75881106763704,NA,"0"
"OAS1","385","UUGA","5'UTR",0.363568256660637,2.47019983162247,NA,"0"
"SRSF1","40","GAAGAA","5'UTR",0.0271791936484588,11.5055407516803,"GAAGAA","1"
"SRP19","402","CCUC","5'UTR",0.178195238903279,2.88155227954619,NA,"0"
"ERI1","412","AGCC","5'UTR",0.431433271798184,1.92165127001542,NA,"0"
"NXF1","418","AACCUG","5'UTR",0.106935434563986,17.2447157041297,NA,"0"
"NUDT21","420","UUGUA","5'UTR",0.246165391858183,4.32064385761404,NA,"0"
"NXF1","454","AGAC","5'UTR",0.287542718586432,3.45726266176674,NA,"0"
"SRP54","456","GGAGC","5'UTR",0.246165391858183,4.32064385761404,NA,"0"
"XPO5","469","CCGC","5'UTR",0.431433271798184,1.92165127001542,NA,"0"
"CELF1","478","UUGUG","5'UTR",0.202368152216238,5.75876978004448,NA,"0"
"ZNF346","481","GUGGU","5'UTR",0.106935434563986,17.2447157041297,NA,"0"
"PTBP1","489","CUCU","5'UTR",0.5461103733714,1.33061112913285,NA,"0"
"ZFP36","49","UUGUGS","5'UTR",0.156008487468221,8.63408986789377,NA,"0"
"SRP68","493","CCUC","5'UTR",0.178195238903279,2.88155227954619,NA,"0"
"NUDT21","499","UGUA","5'UTR",0.462584787022594,1.72955527949232,NA,"0"
"SSB","521","UUUU","5'UTR",0.650984094139836,1.44142686841227,NA,"0"
"TRA2B","530","AGAAC","5'UTR",0.202368152216238,5.75876978004448,NA,"0"
"SRP19","540","GAGC","5'UTR",0.0844072014849108,4.93647123129119,NA,"0"
"SRP19","547","GGAGC","5'UTR",0.246165391858183,4.32064385761404,NA,"0"
"RNASEL","563","AAAA","5'UTR",0.616581951303078,1.08119144021916,NA,"0"
"SRP54","566","CCUC","5'UTR",0.178195238903279,2.88155227954619,NA,"0"
"NUDT21","575","UUGUA","5'UTR",0.246165391858183,4.32064385761404,NA,"0"
"XPO5","578","GUUU","5'UTR",0.119918119554084,3.84061365896251,NA,"0"
"SRSF7","585","UCAACA","5'UTR",0.246165391858183,4.32064385761404,NA,"0"
"DAZAP1","593","AGAAC","5'UTR",0.202368152216238,5.75876978004448,NA,"0"
"RBFOX1","621","AGCAUG","5'UTR",0.156008487468221,8.63408986789377,NA,"0"
"NOVA1","64","YCAB","5'UTR",0.106710258532273,2.38495158984009,NA,"0"
"HNRNPA1","661","AGAAC","5'UTR",0.202368152216238,5.75876978004448,NA,"0"
"HNRNPA1","676","UUUAUA","5'UTR",0.106935434563986,17.2447157041297,NA,"0"
"HNRNPA2B1","698","AGAAC","5'UTR",0.202368152216238,5.75876978004448,NA,"0"
"HNRNPA2B1","701","UUUAUA","5'UTR",0.106935434563986,17.2447157041297,NA,"0"
"HNRNPC","729","GCAUAC","5'UTR",0.156008487468221,8.63408986789377,NA,"0"
"PPIE","75","WWWWWW","5'UTR",0.394075888363841,1.49111162233216,NA,"0"
"PTBP1","8","CUCUC","5'UTR",0.398463388557603,2.16163931737008,NA,"0"
"HNRNPF","828","UGGGC","5'UTR",0.106935434563986,17.2447157041297,NA,"0"
"HNRNPH1","887","AAGAA","5'UTR",0.106935434563986,17.2447157041297,NA,"0"
"HNRNPH1","889","AGAGA","5'UTR",0.287542718586432,3.45726266176674,NA,"0"
"HNRNPH1","892","UGGGC","5'UTR",0.106935434563986,17.2447157041297,NA,"0"
"HNRNPH2","939","AAGAA","5'UTR",0.106935434563986,17.2447157041297,NA,"0"
"HNRNPH2","941","AGAGA","5'UTR",0.287542718586432,3.45726266176674,NA,"0"
"HNRNPH2","944","UGGGC","5'UTR",0.106935434563986,17.2447157041297,NA,"0"
"ELAVL2","96","GAAA","5'UTR",0.0844072014849108,4.93647123129119,NA,"0"
"HNRNPH3","989","UGGGC","5'UTR",0.106935434563986,17.2447157041297,NA,"0"
"NOVA1","99","UCAY","5'UTR",0.0844072014849108,4.93647123129119,NA,"0"
"RBM41","M051_0.6","WUACWUK","5'UTR",0.106935434563986,17.2447157041297,NA,"0"
"SRSF9","M072_0.6","AKGAVMR","5'UTR",0.106935434563986,17.2447157041297,NA,"0"
"SRSF10","M087_0.6","AGAGARR","5'UTR",0.246165391858183,4.32064385761404,NA,"0"
"PABPN1","M148_0.6","ARAAGA","5'UTR",0.0169294932241699,17.2448963612741,"ARAAGA","1"
"ACO1","M256_0.6","CAGUGN","5'UTR",0.326634669710505,2.88154123107647,NA,"0"
"SRSF1","M272_0.6","RGAAGAAC","5'UTR",0.0169294932241699,17.2448963612741,"RGAAGAAC","1"
"MBNL1","M320_0.6a","YGCY","5'UTR",0.5461103733714,1.33061112913285,NA,"0"
"YTHDC1","M354_0.6","KVVURC","5'UTR",0.246165391858183,4.32064385761404,NA,"0"
"ELAVL2","s1","VUUUV","5'UTR",0.519830720909392,1.44142452973158,NA,"0"
"TIA1","s10","VUUUUV","5'UTR",0.0150982498550754,7.40311329008805,"VTTTTV","1"
"SRSF10","s104","RRARRAR","5'UTR",0.570942740625356,1.23560860455332,NA,"0"
"HNRNPK","s15","DCCCDN","5'UTR",0.156008487468221,8.63408986789377,NA,"0"
"ELAVL2","s2","VUUUUH","5'UTR",0.287542718586432,3.45726266176674,NA,"0"
"SFPQ","s24","KRVRGRVV","5'UTR",0.106935434563986,17.2447157041297,NA,"0"
"SFPQ","s25","KNDVDGVDM","5'UTR",0.106935434563986,17.2447157041297,NA,"0"
"MBNL1","s30","NYGCYN","5'UTR",0.519830720909392,1.44142452973158,NA,"0"
"SRSF3","s39","BNWCRRH","5'UTR",0.202368152216238,5.75876978004448,NA,"0"
"CELF2","s5","DDNKKK","5'UTR",0.0169294932241699,17.2448963612741,"DDNKKK","1"
"YBX1","s54","CAYC","5'UTR",0.158276330861496,3.14326380750733,NA,"0"
"SRSF1","s60","NSDNNRRY","5'UTR",0.106935434563986,17.2447157041297,NA,"0"
"TIAL1","s63","AUUM","5'UTR",0.462584787022594,1.72955527949232,NA,"0"
"TIA1","s68","MUUC","5'UTR",1,0.961124379989756,NA,"0"
"TIAL1","s7","VUUUUV","5'UTR",0.287542718586432,3.45726266176674,NA,"0"
"TRA2A/TRA2B","s78","AAGAA","5'UTR",0.106935434563986,17.2447157041297,NA,"0"
"TIA1","s9","VUUUV","5'UTR",0.0737259995328821,3.45729564836979,NA,"0"
"RBFOX1","s92","WGCAUG","5'UTR",0.156008487468221,8.63408986789377,NA,"0"
